     1.16334  
    -0.92753  
    -0.92753  
     0.85756  
     0.85756  
    -0.50467  
     0.21792  
    -0.22373  
     0.41686  
    -0.70989  
     0.22787  
     0.10033  
    -0.22267  
    -0.26274  
     0.09433  
     0.09433  
     0.09433  
     0.21792  
    -0.22373  
     0.41686  
    -0.70989  
     0.22787  
     0.10033  
    -0.22267  
    -0.26274  
     0.09433  
     0.09433  
     0.09433  
     0.74133  
    -0.49515  
     0.14637  
     -0.3505  
     -0.3505  
     0.23664  
     0.06825  
     0.06825  
     0.06825  
     0.06825  
     0.06825  
     0.06825  
     0.74133  
    -0.49515  
     0.14637  
     -0.3505  
     -0.3505  
     0.23664  
     0.06825  
     0.06825  
     0.06825  
     0.06825  
     0.06825  
     0.06825  
    -0.33697  
     1.46123  
    -0.77368  
    -0.77368  
    -0.77368  
     0.11453  
     0.11453  
    -0.33697  
     1.46123  
    -0.77368  
    -0.77368  
    -0.77368  
     0.11453  
     0.11453  
     -0.0861  
    -0.20485  
    -0.11198  
       -0.11  
    -0.20005  
     0.08883  
     0.14252  
     0.15404  
     0.09068  
     0.71568  
    -0.73674  
    -0.73674  
      0.51    
  -0.42784    
     -0.47    
      0.31    
     -0.02    
      0.09    
      0.09    
     -0.18    
      0.09    
      0.09    
     -0.18    
      0.09    
      0.09    
     -0.18    
      0.09    
      0.09    
      0.00    
      0.15    
      0.15    
     -0.30    
      0.51    
     -0.51    
     -0.18    
      0.09    
      0.09    
     -0.09    
      0.09    
      0.51    
     -0.51    
